# BEGIN DATA
Process=pp -> e~vj + ev~j
Proc=evj
Sqrt=13 TeV
Timestamp=2017-02-09 19:24:42
# END DATA

# BEGIN HISTO1D evj_pTV_LO
# xlow   xhigh   val   errminus  errplus
3.000000e+01 4.000000e+01 8.226006e+01 6.724734e-02 6.724734e-02
4.000000e+01 5.000000e+01 4.722542e+01 2.398002e-02 2.398002e-02
5.000000e+01 6.000000e+01 2.883757e+01 1.149843e-02 1.149843e-02
6.000000e+01 7.000000e+01 1.832932e+01 6.371190e-03 6.371190e-03
7.000000e+01 8.000000e+01 1.201350e+01 3.798771e-03 3.798771e-03
8.000000e+01 9.000000e+01 8.072086e+00 2.384431e-03 2.384431e-03
9.000000e+01 1.000000e+02 5.550420e+00 1.557108e-03 1.557108e-03
1.000000e+02 1.100000e+02 3.892267e+00 1.049545e-03 1.049545e-03
1.100000e+02 1.200000e+02 2.779020e+00 7.264972e-04 7.264972e-04
1.200000e+02 1.300000e+02 2.015588e+00 5.141429e-04 5.141429e-04
1.300000e+02 1.400000e+02 1.486787e+00 3.717035e-04 3.717035e-04
1.400000e+02 1.500000e+02 1.110638e+00 2.733814e-04 2.733814e-04
1.500000e+02 2.000000e+02 5.360177e-01 6.066392e-05 6.066392e-05
2.000000e+02 2.500000e+02 1.671477e-01 1.809428e-05 1.809428e-05
2.500000e+02 3.000000e+02 6.272509e-02 6.702402e-06 6.702402e-06
3.000000e+02 3.500000e+02 2.684001e-02 2.878554e-06 2.878554e-06
3.500000e+02 4.000000e+02 1.265961e-02 1.376744e-06 1.376744e-06
4.000000e+02 4.500000e+02 6.440233e-03 7.143184e-07 7.143184e-07
4.500000e+02 5.000000e+02 3.476196e-03 3.946590e-07 3.946590e-07
5.000000e+02 5.500000e+02 1.968257e-03 2.296452e-07 2.296452e-07
5.500000e+02 6.000000e+02 1.159032e-03 1.393410e-07 1.393410e-07
6.000000e+02 6.500000e+02 7.057876e-04 8.753490e-08 8.753490e-08
6.500000e+02 7.000000e+02 4.420884e-04 5.669804e-08 5.669804e-08
7.000000e+02 7.500000e+02 2.835440e-04 3.763381e-08 3.763381e-08
7.500000e+02 8.000000e+02 1.857087e-04 2.551663e-08 2.551663e-08
8.000000e+02 8.500000e+02 1.239106e-04 1.764277e-08 1.764277e-08
8.500000e+02 9.000000e+02 8.396502e-05 1.241390e-08 1.241390e-08
9.000000e+02 9.500000e+02 5.769716e-05 8.857376e-09 8.857376e-09
9.500000e+02 1.000000e+03 4.014227e-05 6.403062e-09 6.403062e-09
1.000000e+03 1.100000e+03 2.416227e-05 2.903593e-09 2.903593e-09
1.100000e+03 1.200000e+03 1.240178e-05 1.615663e-09 1.615663e-09
1.200000e+03 1.300000e+03 6.564807e-06 9.270328e-10 9.270328e-10
1.300000e+03 1.400000e+03 3.563494e-06 5.474051e-10 5.474051e-10
1.400000e+03 1.600000e+03 1.544173e-06 1.929732e-10 1.929732e-10
1.600000e+03 1.800000e+03 5.021624e-07 7.442308e-11 7.442308e-11
1.800000e+03 2.000000e+03 1.705164e-07 3.041377e-11 3.041377e-11
2.000000e+03 2.200000e+03 5.952889e-08 1.282131e-11 1.282131e-11
2.200000e+03 2.400000e+03 2.109585e-08 5.529839e-12 5.529839e-12
2.400000e+03 2.600000e+03 7.523911e-09 2.438875e-12 2.438875e-12
2.600000e+03 2.800000e+03 2.681459e-09 1.107119e-12 1.107119e-12
2.800000e+03 3.000000e+03 9.447099e-10 4.996684e-13 4.996684e-13
3.000000e+03 1.300000e+04 2.845812e-11 1.441422e-14 1.441422e-14
# END HISTO1D

# BEGIN HISTO1D evj_pTV_K_LO
# xlow   xhigh   val   errminus  errplus
3.000000e+01 4.000000e+01 1.013020e+00 8.334893e-04 8.334893e-04
4.000000e+01 5.000000e+01 1.012519e+00 5.172816e-04 5.172816e-04
5.000000e+01 6.000000e+01 1.012079e+00 4.059045e-04 4.059045e-04
6.000000e+01 7.000000e+01 1.011676e+00 3.536381e-04 3.536381e-04
7.000000e+01 8.000000e+01 1.011324e+00 3.215379e-04 3.215379e-04
8.000000e+01 9.000000e+01 1.011010e+00 3.002319e-04 3.002319e-04
9.000000e+01 1.000000e+02 1.010717e+00 2.850133e-04 2.850133e-04
1.000000e+02 1.100000e+02 1.010458e+00 2.738456e-04 2.738456e-04
1.100000e+02 1.200000e+02 1.010230e+00 2.654012e-04 2.654012e-04
1.200000e+02 1.300000e+02 1.010014e+00 2.588843e-04 2.588843e-04
1.300000e+02 1.400000e+02 1.009812e+00 2.536553e-04 2.536553e-04
1.400000e+02 1.500000e+02 1.009262e+00 2.496196e-04 2.496196e-04
1.500000e+02 2.000000e+02 1.006362e+00 1.144349e-04 1.144349e-04
2.000000e+02 2.500000e+02 1.009132e+00 1.099361e-04 1.099361e-04
2.500000e+02 3.000000e+02 1.011318e+00 1.088972e-04 1.088972e-04
3.000000e+02 3.500000e+02 1.013120e+00 1.096219e-04 1.096219e-04
3.500000e+02 4.000000e+02 1.014643e+00 1.114377e-04 1.114377e-04
4.000000e+02 4.500000e+02 1.015972e+00 1.139067e-04 1.139067e-04
4.500000e+02 5.000000e+02 1.017142e+00 1.168232e-04 1.168232e-04
5.000000e+02 5.500000e+02 1.018199e+00 1.202703e-04 1.202703e-04
5.500000e+02 6.000000e+02 1.019166e+00 1.241294e-04 1.241294e-04
6.000000e+02 6.500000e+02 1.020056e+00 1.282478e-04 1.282478e-04
6.500000e+02 7.000000e+02 1.020885e+00 1.328041e-04 1.328041e-04
7.000000e+02 7.500000e+02 1.021666e+00 1.376222e-04 1.376222e-04
7.500000e+02 8.000000e+02 1.022409e+00 1.426491e-04 1.426491e-04
8.000000e+02 8.500000e+02 1.023122e+00 1.480012e-04 1.480012e-04
8.500000e+02 9.000000e+02 1.023809e+00 1.538598e-04 1.538598e-04
9.000000e+02 9.500000e+02 1.024474e+00 1.599404e-04 1.599404e-04
9.500000e+02 1.000000e+03 1.025120e+00 1.663692e-04 1.663692e-04
1.000000e+03 1.100000e+03 1.026016e+00 1.255273e-04 1.255273e-04
1.100000e+03 1.200000e+03 1.027253e+00 1.363757e-04 1.363757e-04
1.200000e+03 1.300000e+03 1.028476e+00 1.481385e-04 1.481385e-04
1.300000e+03 1.400000e+03 1.029696e+00 1.614911e-04 1.614911e-04
1.400000e+03 1.600000e+03 1.031360e+00 1.317444e-04 1.317444e-04
1.600000e+03 1.800000e+03 1.033862e+00 1.569245e-04 1.569245e-04
1.800000e+03 2.000000e+03 1.036472e+00 1.897136e-04 1.897136e-04
2.000000e+03 2.200000e+03 1.039226e+00 2.301617e-04 2.301617e-04
2.200000e+03 2.400000e+03 1.042148e+00 2.814897e-04 2.814897e-04
2.400000e+03 2.600000e+03 1.045271e+00 3.497825e-04 3.497825e-04
2.600000e+03 2.800000e+03 1.048656e+00 4.478333e-04 4.478333e-04
2.800000e+03 3.000000e+03 1.052355e+00 5.766717e-04 5.766717e-04
3.000000e+03 1.300000e+04 1.058461e+00 5.566445e-04 5.566445e-04
# END HISTO1D

# BEGIN HISTO1D evj_pTV_d1K_LO
# xlow   xhigh   val   errminus  errplus
3.000000e+01 4.000000e+01 1.133990e-01 8.334893e-04 8.334893e-04
4.000000e+01 5.000000e+01 1.112002e-01 5.172816e-04 5.172816e-04
5.000000e+01 6.000000e+01 1.092054e-01 4.059045e-04 4.059045e-04
6.000000e+01 7.000000e+01 1.073960e-01 3.536381e-04 3.536381e-04
7.000000e+01 8.000000e+01 1.057489e-01 3.215379e-04 3.215379e-04
8.000000e+01 9.000000e+01 1.042522e-01 3.002319e-04 3.002319e-04
9.000000e+01 1.000000e+02 1.028849e-01 2.850133e-04 2.850133e-04
1.000000e+02 1.100000e+02 1.016352e-01 2.738456e-04 2.738456e-04
1.100000e+02 1.200000e+02 1.004876e-01 2.654012e-04 2.654012e-04
1.200000e+02 1.300000e+02 9.942685e-02 2.588843e-04 2.588843e-04
1.300000e+02 1.400000e+02 9.844569e-02 2.536553e-04 2.536553e-04
1.400000e+02 1.500000e+02 9.790869e-02 2.496196e-04 2.496196e-04
1.500000e+02 2.000000e+02 1.020734e-01 1.144349e-04 1.144349e-04
2.000000e+02 2.500000e+02 1.168529e-01 1.099361e-04 1.099361e-04
2.500000e+02 3.000000e+02 1.281191e-01 1.088972e-04 1.088972e-04
3.000000e+02 3.500000e+02 1.371630e-01 1.096219e-04 1.096219e-04
3.500000e+02 4.000000e+02 1.446772e-01 1.114377e-04 1.114377e-04
4.000000e+02 4.500000e+02 1.511155e-01 1.139067e-04 1.139067e-04
4.500000e+02 5.000000e+02 1.567337e-01 1.168232e-04 1.168232e-04
5.000000e+02 5.500000e+02 1.617467e-01 1.202703e-04 1.202703e-04
5.500000e+02 6.000000e+02 1.662763e-01 1.241294e-04 1.241294e-04
6.000000e+02 6.500000e+02 1.704212e-01 1.282478e-04 1.282478e-04
6.500000e+02 7.000000e+02 1.742630e-01 1.328041e-04 1.328041e-04
7.000000e+02 7.500000e+02 1.778555e-01 1.376222e-04 1.376222e-04
7.500000e+02 8.000000e+02 1.812451e-01 1.426491e-04 1.426491e-04
8.000000e+02 8.500000e+02 1.844668e-01 1.480012e-04 1.480012e-04
8.500000e+02 9.000000e+02 1.875452e-01 1.538598e-04 1.538598e-04
9.000000e+02 9.500000e+02 1.905150e-01 1.599404e-04 1.599404e-04
9.500000e+02 1.000000e+03 1.933870e-01 1.663692e-04 1.663692e-04
1.000000e+03 1.100000e+03 1.973217e-01 1.255273e-04 1.255273e-04
1.100000e+03 1.200000e+03 2.026888e-01 1.363757e-04 1.363757e-04
1.200000e+03 1.300000e+03 2.078950e-01 1.481385e-04 1.481385e-04
1.300000e+03 1.400000e+03 2.129819e-01 1.614911e-04 1.614911e-04
1.400000e+03 1.600000e+03 2.198056e-01 1.317444e-04 1.317444e-04
1.600000e+03 1.800000e+03 2.297746e-01 1.569245e-04 1.569245e-04
1.800000e+03 2.000000e+03 2.397727e-01 1.897136e-04 1.897136e-04
2.000000e+03 2.200000e+03 2.499548e-01 2.301617e-04 2.301617e-04
2.200000e+03 2.400000e+03 2.604015e-01 2.814897e-04 2.814897e-04
2.400000e+03 2.600000e+03 2.712229e-01 3.497825e-04 3.497825e-04
2.600000e+03 2.800000e+03 2.825443e-01 4.478333e-04 4.478333e-04
2.800000e+03 3.000000e+03 2.944411e-01 5.766717e-04 5.766717e-04
3.000000e+03 1.300000e+04 3.130659e-01 5.566445e-04 5.566445e-04
# END HISTO1D

# BEGIN HISTO1D evj_pTV_d2K_LO
# xlow   xhigh   val   errminus  errplus
3.000000e+01 4.000000e+01 5.210250e-03 8.095491e-04 8.095491e-04
4.000000e+01 5.000000e+01 6.593355e-03 4.996743e-04 4.996743e-04
5.000000e+01 6.000000e+01 9.878919e-03 3.895892e-04 3.895892e-04
6.000000e+01 7.000000e+01 1.306544e-02 3.376525e-04 3.376525e-04
7.000000e+01 8.000000e+01 1.609552e-02 3.055944e-04 3.055944e-04
8.000000e+01 9.000000e+01 1.972529e-02 2.844366e-04 2.844366e-04
9.000000e+01 1.000000e+02 2.429068e-02 2.696344e-04 2.696344e-04
1.000000e+02 1.100000e+02 2.874905e-02 2.588352e-04 2.588352e-04
1.100000e+02 1.200000e+02 3.306518e-02 2.507395e-04 2.507395e-04
1.200000e+02 1.300000e+02 3.724090e-02 2.445541e-04 2.445541e-04
1.300000e+02 1.400000e+02 4.126189e-02 2.396554e-04 2.396554e-04
1.400000e+02 1.500000e+02 4.513226e-02 2.359903e-04 2.359903e-04
1.500000e+02 2.000000e+02 5.407922e-02 1.086197e-04 1.086197e-04
2.000000e+02 2.500000e+02 7.001428e-02 1.043127e-04 1.043127e-04
2.500000e+02 3.000000e+02 8.322049e-02 1.034775e-04 1.034775e-04
3.000000e+02 3.500000e+02 9.438850e-02 1.043860e-04 1.043860e-04
3.500000e+02 4.000000e+02 1.039929e-01 1.063612e-04 1.063612e-04
4.000000e+02 4.500000e+02 1.123942e-01 1.089686e-04 1.089686e-04
4.500000e+02 5.000000e+02 1.198276e-01 1.120070e-04 1.120070e-04
5.000000e+02 5.500000e+02 1.265005e-01 1.155538e-04 1.155538e-04
5.500000e+02 6.000000e+02 1.325498e-01 1.194999e-04 1.194999e-04
6.000000e+02 6.500000e+02 1.380834e-01 1.236848e-04 1.236848e-04
6.500000e+02 7.000000e+02 1.431882e-01 1.282990e-04 1.282990e-04
7.000000e+02 7.500000e+02 1.479330e-01 1.331583e-04 1.331583e-04
7.500000e+02 8.000000e+02 1.523803e-01 1.382147e-04 1.382147e-04
8.000000e+02 8.500000e+02 1.565771e-01 1.435968e-04 1.435968e-04
8.500000e+02 9.000000e+02 1.605531e-01 1.494610e-04 1.494610e-04
9.000000e+02 9.500000e+02 1.643474e-01 1.555511e-04 1.555511e-04
9.500000e+02 1.000000e+03 1.679763e-01 1.619671e-04 1.619671e-04
1.000000e+03 1.100000e+03 1.728806e-01 1.223804e-04 1.223804e-04
1.100000e+03 1.200000e+03 1.794686e-01 1.331841e-04 1.331841e-04
1.200000e+03 1.300000e+03 1.857317e-01 1.448944e-04 1.448944e-04
1.300000e+03 1.400000e+03 1.917388e-01 1.581648e-04 1.581648e-04
1.400000e+03 1.600000e+03 1.996146e-01 1.291984e-04 1.291984e-04
1.600000e+03 1.800000e+03 2.108507e-01 1.541331e-04 1.541331e-04
1.800000e+03 2.000000e+03 2.218492e-01 1.866000e-04 1.866000e-04
2.000000e+03 2.200000e+03 2.328084e-01 2.266122e-04 2.266122e-04
2.200000e+03 2.400000e+03 2.438722e-01 2.773194e-04 2.773194e-04
2.400000e+03 2.600000e+03 2.551644e-01 3.447896e-04 3.447896e-04
2.600000e+03 2.800000e+03 2.668501e-01 4.418052e-04 4.418052e-04
2.800000e+03 3.000000e+03 2.790143e-01 5.693105e-04 5.693105e-04
3.000000e+03 1.300000e+04 2.978911e-01 5.496491e-04 5.496491e-04
# END HISTO1D

# BEGIN HISTO1D evj_pTV_K_NLO
# xlow   xhigh   val   errminus  errplus
3.000000e+01 4.000000e+01 1.363978e+00 1.537362e-03 1.537362e-03
4.000000e+01 5.000000e+01 1.384113e+00 9.403833e-04 9.403833e-04
5.000000e+01 6.000000e+01 1.401022e+00 7.416250e-04 7.416250e-04
6.000000e+01 7.000000e+01 1.410486e+00 6.542699e-04 6.542699e-04
7.000000e+01 8.000000e+01 1.424586e+00 6.192948e-04 6.192948e-04
8.000000e+01 9.000000e+01 1.433640e+00 5.996269e-04 5.996269e-04
9.000000e+01 1.000000e+02 1.442744e+00 5.946235e-04 5.946235e-04
1.000000e+02 1.100000e+02 1.453828e+00 5.952869e-04 5.952869e-04
1.100000e+02 1.200000e+02 1.460354e+00 6.032390e-04 6.032390e-04
1.200000e+02 1.300000e+02 1.470563e+00 6.273019e-04 6.273019e-04
1.300000e+02 1.400000e+02 1.474008e+00 6.577852e-04 6.577852e-04
1.400000e+02 1.500000e+02 1.481628e+00 7.002166e-04 7.002166e-04
1.500000e+02 2.000000e+02 1.492009e+00 2.498523e-04 2.498523e-04
2.000000e+02 2.500000e+02 1.505631e+00 2.743437e-04 2.743437e-04
2.500000e+02 3.000000e+02 1.513143e+00 3.210593e-04 3.210593e-04
3.000000e+02 3.500000e+02 1.518528e+00 3.755844e-04 3.755844e-04
3.500000e+02 4.000000e+02 1.520859e+00 4.381534e-04 4.381534e-04
4.000000e+02 4.500000e+02 1.525036e+00 4.958988e-04 4.958988e-04
4.500000e+02 5.000000e+02 1.523666e+00 5.613048e-04 5.613048e-04
5.000000e+02 5.500000e+02 1.528763e+00 6.681648e-04 6.681648e-04
5.500000e+02 6.000000e+02 1.528107e+00 7.913202e-04 7.913202e-04
6.000000e+02 6.500000e+02 1.528198e+00 8.308135e-04 8.308135e-04
6.500000e+02 7.000000e+02 1.532893e+00 9.511310e-04 9.511310e-04
7.000000e+02 7.500000e+02 1.531675e+00 1.078026e-03 1.078026e-03
7.500000e+02 8.000000e+02 1.537027e+00 1.108630e-03 1.108630e-03
8.000000e+02 8.500000e+02 1.535113e+00 1.236359e-03 1.236359e-03
8.500000e+02 9.000000e+02 1.536048e+00 1.389355e-03 1.389355e-03
9.000000e+02 9.500000e+02 1.544761e+00 1.482993e-03 1.482993e-03
9.500000e+02 1.000000e+03 1.545263e+00 1.682511e-03 1.682511e-03
1.000000e+03 1.100000e+03 1.547559e+00 1.007157e-03 1.007157e-03
1.100000e+03 1.200000e+03 1.556958e+00 1.208683e-03 1.208683e-03
1.200000e+03 1.300000e+03 1.565571e+00 1.402106e-03 1.402106e-03
1.300000e+03 1.400000e+03 1.569087e+00 1.578062e-03 1.578062e-03
1.400000e+03 1.600000e+03 1.586208e+00 1.098354e-03 1.098354e-03
1.600000e+03 1.800000e+03 1.607135e+00 1.477536e-03 1.477536e-03
1.800000e+03 2.000000e+03 1.635059e+00 2.050790e-03 2.050790e-03
2.000000e+03 2.200000e+03 1.672932e+00 2.736343e-03 2.736343e-03
2.200000e+03 2.400000e+03 1.712275e+00 3.439353e-03 3.439353e-03
2.400000e+03 2.600000e+03 1.744429e+00 4.480020e-03 4.480020e-03
2.600000e+03 2.800000e+03 1.791170e+00 6.328489e-03 6.328489e-03
2.800000e+03 3.000000e+03 1.832165e+00 7.897346e-03 7.897346e-03
3.000000e+03 1.300000e+04 1.935313e+00 7.164230e-03 7.164230e-03
# END HISTO1D

# BEGIN HISTO1D evj_pTV_d1K_NLO
# xlow   xhigh   val   errminus  errplus
3.000000e+01 4.000000e+01 7.888275e-02 1.537362e-03 1.537362e-03
4.000000e+01 5.000000e+01 8.168379e-02 9.403833e-04 9.403833e-04
5.000000e+01 6.000000e+01 8.373164e-02 7.416250e-04 7.416250e-04
6.000000e+01 7.000000e+01 8.396774e-02 6.542699e-04 6.542699e-04
7.000000e+01 8.000000e+01 8.574317e-02 6.192948e-04 6.192948e-04
8.000000e+01 9.000000e+01 8.648674e-02 5.996269e-04 5.996269e-04
9.000000e+01 1.000000e+02 8.724407e-02 5.946235e-04 5.946235e-04
1.000000e+02 1.100000e+02 8.884245e-02 5.952869e-04 5.952869e-04
1.100000e+02 1.200000e+02 8.996435e-02 6.032390e-04 6.032390e-04
1.200000e+02 1.300000e+02 9.247092e-02 6.273019e-04 6.273019e-04
1.300000e+02 1.400000e+02 9.293092e-02 6.577852e-04 6.577852e-04
1.400000e+02 1.500000e+02 9.555865e-02 7.002166e-04 7.002166e-04
1.500000e+02 2.000000e+02 1.008709e-01 2.498523e-04 2.498523e-04
2.000000e+02 2.500000e+02 1.088620e-01 2.743437e-04 2.743437e-04
2.500000e+02 3.000000e+02 1.146431e-01 3.210593e-04 3.210593e-04
3.000000e+02 3.500000e+02 1.190947e-01 3.755844e-04 3.755844e-04
3.500000e+02 4.000000e+02 1.223572e-01 4.381534e-04 4.381534e-04
4.000000e+02 4.500000e+02 1.255999e-01 4.958988e-04 4.958988e-04
4.500000e+02 5.000000e+02 1.273841e-01 5.613048e-04 5.613048e-04
5.000000e+02 5.500000e+02 1.303949e-01 6.681648e-04 6.681648e-04
5.500000e+02 6.000000e+02 1.318448e-01 7.913202e-04 7.913202e-04
6.000000e+02 6.500000e+02 1.332377e-01 8.308135e-04 8.308135e-04
6.500000e+02 7.000000e+02 1.357746e-01 9.511310e-04 9.511310e-04
7.000000e+02 7.500000e+02 1.369124e-01 1.078026e-03 1.078026e-03
7.500000e+02 8.000000e+02 1.397923e-01 1.108630e-03 1.108630e-03
8.000000e+02 8.500000e+02 1.402381e-01 1.236359e-03 1.236359e-03
8.500000e+02 9.000000e+02 1.416377e-01 1.389355e-03 1.389355e-03
9.000000e+02 9.500000e+02 1.450364e-01 1.482993e-03 1.482993e-03
9.500000e+02 1.000000e+03 1.463262e-01 1.682511e-03 1.682511e-03
1.000000e+03 1.100000e+03 1.484470e-01 1.007157e-03 1.007157e-03
1.100000e+03 1.200000e+03 1.528631e-01 1.208683e-03 1.208683e-03
1.200000e+03 1.300000e+03 1.573101e-01 1.402106e-03 1.402106e-03
1.300000e+03 1.400000e+03 1.603367e-01 1.578062e-03 1.578062e-03
1.400000e+03 1.600000e+03 1.679426e-01 1.098354e-03 1.098354e-03
1.600000e+03 1.800000e+03 1.779865e-01 1.477536e-03 1.477536e-03
1.800000e+03 2.000000e+03 1.903432e-01 2.050790e-03 2.050790e-03
2.000000e+03 2.200000e+03 2.063978e-01 2.736343e-03 2.736343e-03
2.200000e+03 2.400000e+03 2.231063e-01 3.439353e-03 3.439353e-03
2.400000e+03 2.600000e+03 2.384677e-01 4.480020e-03 4.480020e-03
2.600000e+03 2.800000e+03 2.592611e-01 6.328489e-03 6.328489e-03
2.800000e+03 3.000000e+03 2.778266e-01 7.897346e-03 7.897346e-03
3.000000e+03 1.300000e+04 3.227701e-01 7.164230e-03 7.164230e-03
# END HISTO1D

# BEGIN HISTO1D evj_pTV_d2K_NLO
# xlow   xhigh   val   errminus  errplus
3.000000e+01 4.000000e+01 1.936724e-02 1.437838e-03 1.437838e-03
4.000000e+01 5.000000e+01 2.289696e-02 8.570174e-04 8.570174e-04
5.000000e+01 6.000000e+01 2.679070e-02 6.741859e-04 6.741859e-04
6.000000e+01 7.000000e+01 3.066183e-02 5.903526e-04 5.903526e-04
7.000000e+01 8.000000e+01 3.474261e-02 5.562098e-04 5.562098e-04
8.000000e+01 9.000000e+01 3.870929e-02 5.372704e-04 5.372704e-04
9.000000e+01 1.000000e+02 4.257449e-02 5.319604e-04 5.319604e-04
1.000000e+02 1.100000e+02 4.642160e-02 5.339441e-04 5.339441e-04
1.100000e+02 1.200000e+02 4.983691e-02 5.432960e-04 5.432960e-04
1.200000e+02 1.300000e+02 5.360181e-02 5.649742e-04 5.649742e-04
1.300000e+02 1.400000e+02 5.645420e-02 5.917172e-04 5.917172e-04
1.400000e+02 1.500000e+02 5.982386e-02 6.267436e-04 6.267436e-04
1.500000e+02 2.000000e+02 6.673040e-02 2.266494e-04 2.266494e-04
2.000000e+02 2.500000e+02 7.823116e-02 2.504454e-04 2.504454e-04
2.500000e+02 3.000000e+02 8.707063e-02 2.943459e-04 2.943459e-04
3.000000e+02 3.500000e+02 9.412241e-02 3.458539e-04 3.458539e-04
3.500000e+02 4.000000e+02 9.964995e-02 4.054521e-04 4.054521e-04
4.000000e+02 4.500000e+02 1.046511e-01 4.611871e-04 4.611871e-04
4.500000e+02 5.000000e+02 1.081936e-01 5.252901e-04 5.252901e-04
5.000000e+02 5.500000e+02 1.123343e-01 6.266560e-04 6.266560e-04
5.500000e+02 6.000000e+02 1.150732e-01 7.447894e-04 7.447894e-04
6.000000e+02 6.500000e+02 1.175659e-01 7.845109e-04 7.845109e-04
6.500000e+02 7.000000e+02 1.208095e-01 9.012940e-04 9.012940e-04
7.000000e+02 7.500000e+02 1.228147e-01 1.022603e-03 1.022603e-03
7.500000e+02 8.000000e+02 1.261567e-01 1.054229e-03 1.054229e-03
8.000000e+02 8.500000e+02 1.274043e-01 1.178248e-03 1.178248e-03
8.500000e+02 9.000000e+02 1.293615e-01 1.327233e-03 1.327233e-03
9.000000e+02 9.500000e+02 1.329710e-01 1.419099e-03 1.419099e-03
9.500000e+02 1.000000e+03 1.347634e-01 1.616474e-03 1.616474e-03
1.000000e+03 1.100000e+03 1.374159e-01 9.725227e-04 9.725227e-04
1.100000e+03 1.200000e+03 1.423753e-01 1.164536e-03 1.164536e-03
1.200000e+03 1.300000e+03 1.472655e-01 1.352483e-03 1.352483e-03
1.300000e+03 1.400000e+03 1.508082e-01 1.527161e-03 1.527161e-03
1.400000e+03 1.600000e+03 1.586813e-01 1.068103e-03 1.068103e-03
1.600000e+03 1.800000e+03 1.691620e-01 1.438223e-03 1.438223e-03
1.800000e+03 2.000000e+03 1.817082e-01 2.000122e-03 2.000122e-03
2.000000e+03 2.200000e+03 1.976415e-01 2.668998e-03 2.668998e-03
2.200000e+03 2.400000e+03 2.142332e-01 3.357827e-03 3.357827e-03
2.400000e+03 2.600000e+03 2.295733e-01 4.380431e-03 4.380431e-03
2.600000e+03 2.800000e+03 2.500698e-01 6.191634e-03 6.191634e-03
2.800000e+03 3.000000e+03 2.685142e-01 7.732814e-03 7.732814e-03
3.000000e+03 1.300000e+04 3.125338e-01 7.034640e-03 7.034640e-03
# END HISTO1D

# BEGIN HISTO1D evj_pTV_d3K_NLO
# xlow   xhigh   val   errminus  errplus
3.000000e+01 4.000000e+01 -1.798604e-01 2.198112e-03 2.198112e-03
4.000000e+01 5.000000e+01 -1.406043e-01 1.393609e-03 1.393609e-03
5.000000e+01 6.000000e+01 -1.065321e-01 1.091042e-03 1.091042e-03
6.000000e+01 7.000000e+01 -8.505341e-02 9.549469e-04 9.549469e-04
7.000000e+01 8.000000e+01 -6.732953e-02 8.914732e-04 8.914732e-04
8.000000e+01 9.000000e+01 -5.646637e-02 8.531443e-04 8.531443e-04
9.000000e+01 1.000000e+02 -4.562072e-02 8.339436e-04 8.339436e-04
1.000000e+02 1.100000e+02 -3.465798e-02 8.248059e-04 8.248059e-04
1.100000e+02 1.200000e+02 -2.786906e-02 8.234046e-04 8.234046e-04
1.200000e+02 1.300000e+02 -1.950016e-02 8.390114e-04 8.390114e-04
1.300000e+02 1.400000e+02 -1.631831e-02 8.621714e-04 8.621714e-04
1.400000e+02 1.500000e+02 -9.098410e-03 8.983108e-04 8.983108e-04
1.500000e+02 2.000000e+02 7.350189e-04 3.504925e-04 3.504925e-04
2.000000e+02 2.500000e+02 1.536972e-02 3.668737e-04 3.668737e-04
2.500000e+02 3.000000e+02 2.507535e-02 4.086103e-04 4.086103e-04
3.000000e+02 3.500000e+02 2.022685e-02 4.604868e-04 4.604868e-04
3.500000e+02 4.000000e+02 1.176553e-02 5.209075e-04 5.209075e-04
4.000000e+02 4.500000e+02 7.275778e-03 5.807694e-04 5.807694e-04
4.500000e+02 5.000000e+02 2.165081e-03 6.479305e-04 6.479305e-04
5.000000e+02 5.500000e+02 2.137224e-03 7.577701e-04 7.577701e-04
5.500000e+02 6.000000e+02 -5.346318e-04 8.800875e-04 8.800875e-04
6.000000e+02 6.500000e+02 -4.644252e-03 9.259098e-04 9.259098e-04
6.500000e+02 7.000000e+02 -2.697870e-03 1.053119e-03 1.053119e-03
7.000000e+02 7.500000e+02 -4.913441e-03 1.191135e-03 1.191135e-03
7.500000e+02 8.000000e+02 -4.661565e-03 1.225021e-03 1.225021e-03
8.000000e+02 8.500000e+02 -6.006781e-03 1.361233e-03 1.361233e-03
8.500000e+02 9.000000e+02 -7.342394e-03 1.522038e-03 1.522038e-03
9.000000e+02 9.500000e+02 -6.669081e-03 1.620355e-03 1.620355e-03
9.500000e+02 1.000000e+03 -4.653200e-03 1.826258e-03 1.826258e-03
1.000000e+03 1.100000e+03 -6.917627e-03 1.109154e-03 1.109154e-03
1.100000e+03 1.200000e+03 -5.373760e-03 1.321647e-03 1.321647e-03
1.200000e+03 1.300000e+03 -3.283737e-03 1.524751e-03 1.524751e-03
1.300000e+03 1.400000e+03 -6.564124e-03 1.788988e-03 1.788988e-03
1.400000e+03 1.600000e+03 -8.716797e-04 1.211664e-03 1.211664e-03
1.600000e+03 1.800000e+03 3.416303e-03 1.632019e-03 1.632019e-03
1.800000e+03 2.000000e+03 8.952667e-03 2.213224e-03 2.213224e-03
2.000000e+03 2.200000e+03 2.121989e-02 3.039759e-03 3.039759e-03
2.200000e+03 2.400000e+03 3.043348e-02 3.744589e-03 3.744589e-03
2.400000e+03 2.600000e+03 4.171737e-02 4.809624e-03 4.809624e-03
2.600000e+03 2.800000e+03 5.648149e-02 6.704220e-03 6.704220e-03
2.800000e+03 3.000000e+03 6.921735e-02 8.384365e-03 8.384365e-03
3.000000e+03 1.300000e+04 1.131403e-01 7.483190e-03 7.483190e-03
# END HISTO1D

# BEGIN HISTO1D evj_pTV_kappa_NLO_EW
# xlow   xhigh   val   errminus  errplus
3.000000e+01 4.000000e+01 -3.454891e-03 -6.147655e-05 -6.147655e-05
4.000000e+01 5.000000e+01 -3.581708e-03 -4.574522e-05 -4.574522e-05
5.000000e+01 6.000000e+01 -9.509917e-03 -4.167701e-05 -4.167701e-05
6.000000e+01 7.000000e+01 -1.298026e-02 -4.110962e-05 -4.110962e-05
7.000000e+01 8.000000e+01 -1.630951e-02 -4.238448e-05 -4.238448e-05
8.000000e+01 9.000000e+01 -1.968221e-02 -4.453082e-05 -4.453082e-05
9.000000e+01 1.000000e+02 -2.312307e-02 -4.708429e-05 -4.708429e-05
1.000000e+02 1.100000e+02 -2.680258e-02 -5.078291e-05 -5.078291e-05
1.100000e+02 1.200000e+02 -3.052741e-02 -5.472188e-05 -5.472188e-05
1.200000e+02 1.300000e+02 -3.438565e-02 -5.908649e-05 -5.908649e-05
1.300000e+02 1.400000e+02 -3.815493e-02 -6.360208e-05 -6.360208e-05
1.400000e+02 1.500000e+02 -4.225032e-02 -6.868479e-05 -6.868479e-05
1.500000e+02 2.000000e+02 -5.226188e-02 -3.723595e-05 -3.723595e-05
2.000000e+02 2.500000e+02 -7.219016e-02 -4.912085e-05 -4.912085e-05
2.500000e+02 3.000000e+02 -9.121094e-02 -6.141586e-05 -6.141586e-05
3.000000e+02 3.500000e+02 -1.089319e-01 -7.381414e-05 -7.381414e-05
3.500000e+02 4.000000e+02 -1.256578e-01 -8.645883e-05 -8.645883e-05
4.000000e+02 4.500000e+02 -1.412872e-01 -9.941555e-05 -9.941555e-05
4.500000e+02 5.000000e+02 -1.559658e-01 -1.124568e-04 -1.124568e-04
5.000000e+02 5.500000e+02 -1.701164e-01 -1.263029e-04 -1.263029e-04
5.500000e+02 6.000000e+02 -1.834757e-01 -1.409108e-04 -1.409108e-04
6.000000e+02 6.500000e+02 -1.961813e-01 -1.560190e-04 -1.560190e-04
6.500000e+02 7.000000e+02 -2.083226e-01 -1.715470e-04 -1.715470e-04
7.000000e+02 7.500000e+02 -2.201683e-01 -1.878038e-04 -1.878038e-04
7.500000e+02 8.000000e+02 -2.311167e-01 -2.048041e-04 -2.048041e-04
8.000000e+02 8.500000e+02 -2.421091e-01 -2.236189e-04 -2.236189e-04
8.500000e+02 9.000000e+02 -2.528654e-01 -2.435906e-04 -2.435906e-04
9.000000e+02 9.500000e+02 -2.630922e-01 -2.646999e-04 -2.646999e-04
9.500000e+02 1.000000e+03 -2.733063e-01 -2.864464e-04 -2.864464e-04
1.000000e+03 1.100000e+03 -2.867138e-01 -2.267983e-04 -2.267983e-04
1.100000e+03 1.200000e+03 -3.051118e-01 -2.639413e-04 -2.639413e-04
1.200000e+03 1.300000e+03 -3.231909e-01 -3.073219e-04 -3.073219e-04
1.300000e+03 1.400000e+03 -3.405128e-01 -3.573275e-04 -3.573275e-04
1.400000e+03 1.600000e+03 -3.625777e-01 -3.142843e-04 -3.142843e-04
1.600000e+03 1.800000e+03 -3.947583e-01 -4.314880e-04 -4.314880e-04
1.800000e+03 2.000000e+03 -4.264151e-01 -6.030566e-04 -6.030566e-04
2.000000e+03 2.200000e+03 -4.580660e-01 -8.722933e-04 -8.722933e-04
2.200000e+03 2.400000e+03 -4.858399e-01 -1.256086e-03 -1.256086e-03
2.400000e+03 2.600000e+03 -5.166964e-01 -2.143241e-03 -2.143241e-03
2.600000e+03 2.800000e+03 -5.521435e-01 -3.245454e-03 -3.245454e-03
2.800000e+03 3.000000e+03 -5.782734e-01 -4.016473e-03 -4.016473e-03
3.000000e+03 1.300000e+04 -6.334362e-01 -3.312652e-03 -3.312652e-03
# END HISTO1D

# BEGIN HISTO1D evj_pTV_kappa_NNLO_Sud
# xlow   xhigh   val   errminus  errplus
3.000000e+01 4.000000e+01 7.465087e-05 7.275501e-08 7.275501e-08
4.000000e+01 5.000000e+01 7.234150e-05 8.784650e-08 8.784650e-08
5.000000e+01 6.000000e+01 9.265979e-05 1.142331e-07 1.142331e-07
6.000000e+01 7.000000e+01 1.257589e-04 1.673048e-07 1.673048e-07
7.000000e+01 8.000000e+01 1.699398e-04 2.147116e-07 2.147116e-07
8.000000e+01 9.000000e+01 2.260452e-04 2.992916e-07 2.992916e-07
9.000000e+01 1.000000e+02 2.974496e-04 4.203014e-07 4.203014e-07
1.000000e+02 1.100000e+02 3.836646e-04 5.856427e-07 5.856427e-07
1.100000e+02 1.200000e+02 4.885716e-04 8.108418e-07 8.108418e-07
1.200000e+02 1.300000e+02 6.119887e-04 1.108310e-06 1.108310e-06
1.300000e+02 1.400000e+02 7.519721e-04 1.496932e-06 1.496932e-06
1.400000e+02 1.500000e+02 9.167168e-04 1.991144e-06 1.991144e-06
1.500000e+02 2.000000e+02 1.423466e-03 1.785652e-06 1.785652e-06
2.000000e+02 2.500000e+02 2.757514e-03 5.137408e-06 5.137408e-06
2.500000e+02 3.000000e+02 4.465845e-03 1.133864e-05 1.133864e-05
3.000000e+02 3.500000e+02 6.446803e-03 2.066521e-05 2.066521e-05
3.500000e+02 4.000000e+02 8.720870e-03 3.227677e-05 3.227677e-05
4.000000e+02 4.500000e+02 1.112876e-02 4.636051e-05 4.636051e-05
4.500000e+02 5.000000e+02 1.363497e-02 6.367671e-05 6.367671e-05
5.000000e+02 5.500000e+02 1.636347e-02 8.116526e-05 8.116526e-05
5.500000e+02 6.000000e+02 1.907569e-02 1.049352e-04 1.049352e-04
6.000000e+02 6.500000e+02 2.169797e-02 1.276262e-04 1.276262e-04
6.500000e+02 7.000000e+02 2.467628e-02 1.545360e-04 1.545360e-04
7.000000e+02 7.500000e+02 2.748729e-02 1.860265e-04 1.860265e-04
7.500000e+02 8.000000e+02 3.055349e-02 2.163107e-04 2.163107e-04
8.000000e+02 8.500000e+02 3.408300e-02 2.542971e-04 2.542971e-04
8.500000e+02 9.000000e+02 3.609149e-02 2.821995e-04 2.821995e-04
9.000000e+02 9.500000e+02 3.925763e-02 3.194785e-04 3.194785e-04
9.500000e+02 1.000000e+03 4.227363e-02 3.781170e-04 3.781170e-04
1.000000e+03 1.100000e+03 4.633785e-02 3.240077e-04 3.240077e-04
1.100000e+03 1.200000e+03 5.244404e-02 3.945009e-04 3.945009e-04
1.200000e+03 1.300000e+03 5.777486e-02 4.859809e-04 4.859809e-04
1.300000e+03 1.400000e+03 6.420121e-02 5.702141e-04 5.702141e-04
1.400000e+03 1.600000e+03 7.094488e-02 5.085642e-04 5.085642e-04
1.600000e+03 1.800000e+03 8.276860e-02 6.974403e-04 6.974403e-04
1.800000e+03 2.000000e+03 9.572801e-02 9.308386e-04 9.308386e-04
2.000000e+03 2.200000e+03 1.021256e-01 1.151948e-03 1.151948e-03
2.200000e+03 2.400000e+03 1.134333e-01 1.422975e-03 1.422975e-03
2.400000e+03 2.600000e+03 1.181606e-01 1.716402e-03 1.716402e-03
2.600000e+03 2.800000e+03 1.300191e-01 2.126376e-03 2.126376e-03
2.800000e+03 3.000000e+03 1.355785e-01 2.630335e-03 2.630335e-03
3.000000e+03 1.300000e+04 1.423224e-01 2.362006e-03 2.362006e-03
# END HISTO1D

# BEGIN HISTO1D evj_pTV_kappa_EW
# xlow   xhigh   val   errminus  errplus
3.000000e+01 4.000000e+01 -3.380240e-03 6.147659e-05 6.147659e-05
4.000000e+01 5.000000e+01 -3.509366e-03 4.574530e-05 4.574530e-05
5.000000e+01 6.000000e+01 -9.417257e-03 4.167717e-05 4.167717e-05
6.000000e+01 7.000000e+01 -1.285450e-02 4.110996e-05 4.110996e-05
7.000000e+01 8.000000e+01 -1.613957e-02 4.238503e-05 4.238503e-05
8.000000e+01 9.000000e+01 -1.945616e-02 4.453183e-05 4.453183e-05
9.000000e+01 1.000000e+02 -2.282562e-02 4.708616e-05 4.708616e-05
1.000000e+02 1.100000e+02 -2.641892e-02 5.078629e-05 5.078629e-05
1.100000e+02 1.200000e+02 -3.003884e-02 5.472788e-05 5.472788e-05
1.200000e+02 1.300000e+02 -3.377366e-02 5.909689e-05 5.909689e-05
1.300000e+02 1.400000e+02 -3.740296e-02 6.361969e-05 6.361969e-05
1.400000e+02 1.500000e+02 -4.133360e-02 6.871364e-05 6.871364e-05
1.500000e+02 2.000000e+02 -5.083841e-02 3.727874e-05 3.727874e-05
2.000000e+02 2.500000e+02 -6.943265e-02 4.938878e-05 4.938878e-05
2.500000e+02 3.000000e+02 -8.674510e-02 6.245377e-05 6.245377e-05
3.000000e+02 3.500000e+02 -1.024851e-01 7.665232e-05 7.665232e-05
3.500000e+02 4.000000e+02 -1.169369e-01 9.228715e-05 9.228715e-05
4.000000e+02 4.500000e+02 -1.301585e-01 1.096939e-04 1.096939e-04
4.500000e+02 5.000000e+02 -1.423308e-01 1.292333e-04 1.292333e-04
5.000000e+02 5.500000e+02 -1.537529e-01 1.501341e-04 1.501341e-04
5.500000e+02 6.000000e+02 -1.644000e-01 1.756908e-04 1.756908e-04
6.000000e+02 6.500000e+02 -1.744833e-01 2.015697e-04 2.015697e-04
6.500000e+02 7.000000e+02 -1.836463e-01 2.308890e-04 2.308890e-04
7.000000e+02 7.500000e+02 -1.926810e-01 2.643409e-04 2.643409e-04
7.500000e+02 8.000000e+02 -2.005632e-01 2.978842e-04 2.978842e-04
8.000000e+02 8.500000e+02 -2.080261e-01 3.386331e-04 3.386331e-04
8.500000e+02 9.000000e+02 -2.167739e-01 3.727907e-04 3.727907e-04
9.000000e+02 9.500000e+02 -2.238346e-01 4.148886e-04 4.148886e-04
9.500000e+02 1.000000e+03 -2.310326e-01 4.743670e-04 4.743670e-04
1.000000e+03 1.100000e+03 -2.403760e-01 3.954977e-04 3.954977e-04
1.100000e+03 1.200000e+03 -2.526678e-01 4.746536e-04 4.746536e-04
1.200000e+03 1.300000e+03 -2.654160e-01 5.749993e-04 5.749993e-04
1.300000e+03 1.400000e+03 -2.763116e-01 6.729243e-04 6.729243e-04
1.400000e+03 1.600000e+03 -2.916328e-01 5.978396e-04 5.978396e-04
1.600000e+03 1.800000e+03 -3.119897e-01 8.201249e-04 8.201249e-04
1.800000e+03 2.000000e+03 -3.306870e-01 1.109116e-03 1.109116e-03
2.000000e+03 2.200000e+03 -3.559403e-01 1.444950e-03 1.444950e-03
2.200000e+03 2.400000e+03 -3.724067e-01 1.898054e-03 1.898054e-03
2.400000e+03 2.600000e+03 -3.985358e-01 2.745819e-03 2.745819e-03
2.600000e+03 2.800000e+03 -4.221244e-01 3.880006e-03 3.880006e-03
2.800000e+03 3.000000e+03 -4.426949e-01 4.801117e-03 4.801117e-03
3.000000e+03 1.300000e+04 -4.911138e-01 4.068506e-03 4.068506e-03
# END HISTO1D

# BEGIN HISTO1D evj_pTV_d1kappa_EW
# xlow   xhigh   val   errminus  errplus
3.000000e+01 4.000000e+01 1.719404e-07 3.070545e-09 3.070545e-09
4.000000e+01 5.000000e+01 1.727374e-07 2.219603e-09 2.219603e-09
5.000000e+01 6.000000e+01 5.874579e-07 2.694886e-09 2.694886e-09
6.000000e+01 7.000000e+01 1.088256e-06 3.776412e-09 3.776412e-09
7.000000e+01 8.000000e+01 1.847756e-06 5.402862e-09 5.402862e-09
8.000000e+01 9.000000e+01 2.966046e-06 7.873411e-09 7.873411e-09
9.000000e+01 1.000000e+02 4.585299e-06 1.150930e-08 1.150930e-08
1.000000e+02 1.100000e+02 6.855469e-06 1.688360e-08 1.688360e-08
1.100000e+02 1.200000e+02 9.943217e-06 2.456648e-08 2.456648e-08
1.200000e+02 1.300000e+02 1.402909e-05 3.538714e-08 3.538714e-08
1.300000e+02 1.400000e+02 1.912763e-05 5.012201e-08 5.012201e-08
1.400000e+02 1.500000e+02 2.582105e-05 7.062758e-08 7.062758e-08
1.500000e+02 2.000000e+02 4.959533e-05 7.198802e-08 7.198802e-08
2.000000e+02 2.500000e+02 1.327103e-04 2.640039e-07 2.640039e-07
2.500000e+02 3.000000e+02 2.715560e-04 7.144853e-07 7.144853e-07
3.000000e+02 3.500000e+02 4.681749e-04 1.535541e-06 1.535541e-06
3.500000e+02 4.000000e+02 7.305634e-04 2.752506e-06 2.752506e-06
4.000000e+02 4.500000e+02 1.048234e-03 4.431671e-06 4.431671e-06
4.500000e+02 5.000000e+02 1.417726e-03 6.703240e-06 6.703240e-06
5.000000e+02 5.500000e+02 1.855797e-03 9.312613e-06 9.312613e-06
5.500000e+02 6.000000e+02 2.333284e-03 1.296593e-05 1.296593e-05
6.000000e+02 6.500000e+02 2.837824e-03 1.685115e-05 1.685115e-05
6.500000e+02 7.000000e+02 3.427085e-03 2.165589e-05 2.165589e-05
7.000000e+02 7.500000e+02 4.034553e-03 2.753121e-05 2.753121e-05
7.500000e+02 8.000000e+02 4.707615e-03 3.360119e-05 3.360119e-05
8.000000e+02 8.500000e+02 5.501203e-03 4.137322e-05 4.137322e-05
8.500000e+02 9.000000e+02 6.084192e-03 4.794889e-05 4.794889e-05
9.000000e+02 9.500000e+02 6.885585e-03 5.648126e-05 5.648126e-05
9.500000e+02 1.000000e+03 7.702432e-03 6.938762e-05 6.938762e-05
1.000000e+03 1.100000e+03 8.857135e-03 6.234488e-05 6.234488e-05
1.100000e+03 1.200000e+03 1.066753e-02 8.079738e-05 8.079738e-05
1.200000e+03 1.300000e+03 1.244821e-02 1.054060e-04 1.054060e-04
1.300000e+03 1.400000e+03 1.457422e-02 1.303823e-04 1.303823e-04
1.400000e+03 1.600000e+03 1.714869e-02 1.238619e-04 1.238619e-04
1.600000e+03 1.800000e+03 2.178240e-02 1.851410e-04 1.851410e-04
1.800000e+03 2.000000e+03 2.721324e-02 2.674880e-04 2.674880e-04
2.000000e+03 2.200000e+03 3.118686e-02 3.568832e-04 3.568832e-04
2.200000e+03 2.400000e+03 3.674028e-02 4.707755e-04 4.707755e-04
2.400000e+03 2.600000e+03 4.070210e-02 6.151552e-04 6.151552e-04
2.600000e+03 2.800000e+03 4.785946e-02 8.321978e-04 8.321978e-04
2.800000e+03 3.000000e+03 5.226762e-02 1.077770e-03 1.077770e-03
3.000000e+03 1.300000e+04 6.010146e-02 1.046689e-03 1.046689e-03
# END HISTO1D

# BEGIN HISTO1D evj_pTV_d2kappa_EW
# xlow   xhigh   val   errminus  errplus
3.000000e+01 4.000000e+01 1.727445e-04 3.073827e-06 3.073827e-06
4.000000e+01 5.000000e+01 1.790854e-04 2.287261e-06 2.287261e-06
5.000000e+01 6.000000e+01 4.754958e-04 2.083851e-06 2.083851e-06
6.000000e+01 7.000000e+01 6.490128e-04 2.055481e-06 2.055481e-06
7.000000e+01 8.000000e+01 8.154754e-04 2.119224e-06 2.119224e-06
8.000000e+01 9.000000e+01 9.841104e-04 2.226541e-06 2.226541e-06
9.000000e+01 1.000000e+02 1.156154e-03 2.354214e-06 2.354214e-06
1.000000e+02 1.100000e+02 1.340129e-03 2.539145e-06 2.539145e-06
1.100000e+02 1.200000e+02 1.526371e-03 2.736094e-06 2.736094e-06
1.200000e+02 1.300000e+02 1.719282e-03 2.954325e-06 2.954325e-06
1.300000e+02 1.400000e+02 1.907747e-03 3.180104e-06 3.180104e-06
1.400000e+02 1.500000e+02 2.112516e-03 3.434239e-06 3.434239e-06
1.500000e+02 2.000000e+02 2.613094e-03 1.861797e-06 1.861797e-06
2.000000e+02 2.500000e+02 3.609508e-03 2.456043e-06 2.456043e-06
2.500000e+02 3.000000e+02 4.560547e-03 3.070793e-06 3.070793e-06
3.000000e+02 3.500000e+02 5.446594e-03 3.690707e-06 3.690707e-06
3.500000e+02 4.000000e+02 6.282889e-03 4.322941e-06 4.322941e-06
4.000000e+02 4.500000e+02 7.064362e-03 4.970778e-06 4.970778e-06
4.500000e+02 5.000000e+02 7.798290e-03 5.622840e-06 5.622840e-06
5.000000e+02 5.500000e+02 8.505820e-03 6.315147e-06 6.315147e-06
5.500000e+02 6.000000e+02 9.173784e-03 7.045540e-06 7.045540e-06
6.000000e+02 6.500000e+02 9.809063e-03 7.800948e-06 7.800948e-06
6.500000e+02 7.000000e+02 1.041613e-02 8.577349e-06 8.577349e-06
7.000000e+02 7.500000e+02 1.100842e-02 9.390189e-06 9.390189e-06
7.500000e+02 8.000000e+02 1.155583e-02 1.024020e-05 1.024020e-05
8.000000e+02 8.500000e+02 1.210545e-02 1.118094e-05 1.118094e-05
8.500000e+02 9.000000e+02 1.264327e-02 1.217953e-05 1.217953e-05
9.000000e+02 9.500000e+02 1.315461e-02 1.323500e-05 1.323500e-05
9.500000e+02 1.000000e+03 1.366531e-02 1.432232e-05 1.432232e-05
1.000000e+03 1.100000e+03 1.433569e-02 1.133991e-05 1.133991e-05
1.100000e+03 1.200000e+03 1.525559e-02 1.319707e-05 1.319707e-05
1.200000e+03 1.300000e+03 1.615955e-02 1.536609e-05 1.536609e-05
1.300000e+03 1.400000e+03 1.702564e-02 1.786638e-05 1.786638e-05
1.400000e+03 1.600000e+03 1.812889e-02 1.571421e-05 1.571421e-05
1.600000e+03 1.800000e+03 1.973792e-02 2.157440e-05 2.157440e-05
1.800000e+03 2.000000e+03 2.132075e-02 3.015283e-05 3.015283e-05
2.000000e+03 2.200000e+03 2.290330e-02 4.361467e-05 4.361467e-05
2.200000e+03 2.400000e+03 2.429200e-02 6.280428e-05 6.280428e-05
2.400000e+03 2.600000e+03 2.583482e-02 1.071621e-04 1.071621e-04
2.600000e+03 2.800000e+03 2.760718e-02 1.622727e-04 1.622727e-04
2.800000e+03 3.000000e+03 2.891367e-02 2.008237e-04 2.008237e-04
3.000000e+03 1.300000e+04 3.167181e-02 1.656326e-04 1.656326e-04
# END HISTO1D

# BEGIN HISTO1D evj_pTV_d3kappa_EW
# xlow   xhigh   val   errminus  errplus
3.000000e+01 4.000000e+01 6.868273e-05 1.668804e-07 1.668804e-07
4.000000e+01 5.000000e+01 6.592718e-05 1.453952e-07 1.453952e-07
5.000000e+01 6.000000e+01 4.744053e-05 3.026447e-07 3.026447e-07
6.000000e+01 7.000000e+01 4.151541e-05 4.127499e-07 4.127499e-07
7.000000e+01 8.000000e+01 3.693980e-05 5.338803e-07 5.338803e-07
8.000000e+01 9.000000e+01 3.235053e-05 6.882375e-07 6.882375e-07
9.000000e+01 1.000000e+02 3.011137e-05 8.771108e-07 8.771108e-07
1.000000e+02 1.100000e+02 2.447543e-05 1.126628e-06 1.126628e-06
1.100000e+02 1.200000e+02 2.261008e-05 1.432752e-06 1.432752e-06
1.200000e+02 1.300000e+02 2.080233e-05 1.814472e-06 1.814472e-06
1.300000e+02 1.400000e+02 2.407261e-05 2.277130e-06 2.277130e-06
1.400000e+02 1.500000e+02 2.417216e-05 2.859252e-06 2.859252e-06
1.500000e+02 2.000000e+02 5.781397e-05 2.254341e-06 2.254341e-06
2.000000e+02 2.500000e+02 1.518045e-04 5.716657e-06 5.716657e-06
2.500000e+02 3.000000e+02 3.061272e-04 1.201061e-05 1.201061e-05
3.000000e+02 3.500000e+02 5.137263e-04 2.143310e-05 2.143310e-05
3.500000e+02 4.000000e+02 8.259320e-04 3.317839e-05 3.317839e-05
4.000000e+02 4.500000e+02 1.147716e-03 4.741249e-05 4.741249e-05
4.500000e+02 5.000000e+02 1.472306e-03 6.487325e-05 6.487325e-05
5.000000e+02 5.500000e+02 1.893674e-03 8.257499e-05 8.257499e-05
5.500000e+02 6.000000e+02 2.244031e-03 1.065157e-04 1.065157e-04
6.000000e+02 6.500000e+02 2.454429e-03 1.294483e-04 1.294483e-04
6.500000e+02 7.000000e+02 2.977132e-03 1.565884e-04 1.565884e-04
7.000000e+02 7.500000e+02 3.250245e-03 1.883101e-04 1.883101e-04
7.500000e+02 8.000000e+02 3.846028e-03 2.188848e-04 2.188848e-04
8.000000e+02 8.500000e+02 4.774599e-03 2.571626e-04 2.571626e-04
8.500000e+02 9.000000e+02 4.121049e-03 2.855408e-04 2.855408e-04
9.000000e+02 9.500000e+02 4.648876e-03 3.232513e-04 3.232513e-04
9.500000e+02 1.000000e+03 4.925474e-03 3.821478e-04 3.821478e-04
1.000000e+03 1.100000e+03 5.235433e-03 3.272540e-04 3.272540e-04
1.100000e+03 1.200000e+03 5.897423e-03 3.985896e-04 3.985896e-04
1.200000e+03 1.300000e+03 5.548679e-03 4.910296e-04 4.910296e-04
1.300000e+03 1.400000e+03 6.226726e-03 5.766684e-04 5.766684e-04
1.400000e+03 1.600000e+03 5.213580e-03 5.149079e-04 5.149079e-04
1.600000e+03 1.800000e+03 4.851541e-03 7.077639e-04 7.077639e-04
1.800000e+03 2.000000e+03 4.813111e-03 9.484325e-04 9.484325e-04
2.000000e+03 2.200000e+03 -2.786576e-03 1.186091e-03 1.186091e-03
2.200000e+03 2.400000e+03 -4.586940e-03 1.486964e-03 1.486964e-03
2.400000e+03 2.600000e+03 -1.532699e-02 1.886587e-03 1.886587e-03
2.600000e+03 2.800000e+03 -2.241215e-02 2.475284e-03 2.475284e-03
2.800000e+03 3.000000e+03 -3.162156e-02 3.100959e-03 3.100959e-03
3.000000e+03 1.300000e+04 -5.829830e-02 2.789376e-03 2.789376e-03
# END HISTO1D

# BEGIN HISTO1D evj_pTV_dK_NLO_mix
# xlow   xhigh   val   errminus  errplus
3.000000e+01 4.000000e+01 1.229416e-04 2.917970e-04 2.917970e-04
4.000000e+01 5.000000e+01 1.344632e-04 1.783907e-04 1.783907e-04
5.000000e+01 6.000000e+01 3.762722e-04 1.401925e-04 1.401925e-04
6.000000e+01 7.000000e+01 5.255312e-04 1.232488e-04 1.232488e-04
7.000000e+01 8.000000e+01 6.818438e-04 1.164535e-04 1.164535e-04
8.000000e+01 9.000000e+01 8.391109e-04 1.126477e-04 1.126477e-04
9.000000e+01 1.000000e+02 1.004666e-03 1.116417e-04 1.116417e-04
1.000000e+02 1.100000e+02 1.190237e-03 1.120191e-04 1.120191e-04
1.100000e+02 1.200000e+02 1.369378e-03 1.139479e-04 1.139479e-04
1.200000e+02 1.300000e+02 1.569404e-03 1.184106e-04 1.184106e-04
1.300000e+02 1.400000e+02 1.747099e-03 1.239381e-04 1.239381e-04
1.400000e+02 1.500000e+02 1.960041e-03 1.311109e-04 1.311109e-04
1.500000e+02 2.000000e+02 2.465548e-03 4.667579e-05 4.667579e-05
2.000000e+02 2.500000e+02 3.467671e-03 5.111299e-05 5.111299e-05
2.500000e+02 3.000000e+02 4.403678e-03 5.940409e-05 5.940409e-05
3.000000e+02 3.500000e+02 5.264530e-03 6.897048e-05 6.897048e-05
3.500000e+02 4.000000e+02 6.041310e-03 7.984325e-05 7.984325e-05
4.000000e+02 4.500000e+02 6.785110e-03 8.978613e-05 8.978613e-05
4.500000e+02 5.000000e+02 7.408484e-03 1.010454e-04 1.010454e-04
5.000000e+02 5.500000e+02 8.086158e-03 1.192700e-04 1.192700e-04
5.500000e+02 6.000000e+02 8.643340e-03 1.400077e-04 1.400077e-04
6.000000e+02 6.500000e+02 9.183028e-03 1.469632e-04 1.469632e-04
6.500000e+02 7.000000e+02 9.755575e-03 1.673470e-04 1.673470e-04
7.000000e+02 7.500000e+02 1.021964e-02 1.888307e-04 1.888307e-04
7.500000e+02 8.000000e+02 1.074626e-02 1.944595e-04 1.944595e-04
8.000000e+02 8.500000e+02 1.111638e-02 2.161662e-04 2.161662e-04
8.500000e+02 9.000000e+02 1.161015e-02 2.413529e-04 2.413529e-04
9.000000e+02 9.500000e+02 1.218197e-02 2.574944e-04 2.574944e-04
9.500000e+02 1.000000e+03 1.259146e-02 2.910640e-04 2.910640e-04
1.000000e+03 1.100000e+03 1.316346e-02 1.807496e-04 1.807496e-04
1.100000e+03 1.200000e+03 1.407904e-02 2.155959e-04 2.155959e-04
1.200000e+03 1.300000e+03 1.502134e-02 2.504070e-04 2.504070e-04
1.300000e+03 1.400000e+03 1.574540e-02 2.823973e-04 2.823973e-04
1.400000e+03 1.600000e+03 1.711461e-02 2.075278e-04 2.075278e-04
1.600000e+03 1.800000e+03 1.896339e-02 2.788487e-04 2.788487e-04
1.800000e+03 2.000000e+03 2.101075e-02 3.820593e-04 3.820593e-04
2.000000e+03 2.200000e+03 2.392475e-02 5.031292e-04 5.031292e-04
2.200000e+03 2.400000e+03 2.645509e-02 6.403323e-04 6.403323e-04
2.400000e+03 2.600000e+03 2.955955e-02 8.636931e-04 8.636931e-04
2.600000e+03 2.800000e+03 3.320206e-02 1.221392e-03 1.221392e-03
2.800000e+03 3.000000e+03 3.658179e-02 1.515853e-03 1.515853e-03
3.000000e+03 1.300000e+04 4.538127e-02 1.344126e-03 1.344126e-03
# END HISTO1D

